screened 1487223 {'A': 337331, 'P': 901453, 'N': 248439}; candidates 49959

mode                     n apps     A     P     N   1★%  mean
WIDGET               22448  178  4812 11373  6263   9.3  3.86
TABLET               10999  113  1627   675  8697  29.3  2.93
WATCH                 9548   98  2474  1016  6058  23.3  3.16
WEB                   3883   85   998  1396  1489  40.0  2.69
DESKTOP               3685   86   532   565  2588  19.6  3.40
SHORTCUTS             1452   45   226    67  1159  14.7  3.79
LOCK_LIVE              668   64   276    92   300  15.0  3.50
COMPLICATION           469   63   260    82   127  10.0  3.89
NOTIF_ACTION           116   40    19    75    22   7.8  3.69
