screened 1487223 {'A': 337331, 'P': 901453, 'N': 248439}; candidates 10775

mode                     n apps     A     P     N   1★%  mean
CHECKLIST             4363  118  1004  2255  1104  10.7  3.96
FREQ                  2627  129  1298  1002   327  10.7  3.74
TIMES_DAY             1165   81   584   356   225  14.4  3.72
ICON                   840   93   453   236   151   6.7  4.06
LIMIT                  740   86   476   258     6  10.4  3.92
REMINDER_EDIT          527   67   139   215   173  14.4  3.60
ONEOFF                 354   56   159   176    19   5.4  4.21
UNITS_INPUT            270   50    83    68   119  25.9  3.21
CREATE_UX              199   44   131    68     0   6.5  4.35
