
A 4. Me+ Lifestyle Routine - Daily Planner & Habit Tracker
year |    n | mean | I-paid% | per 1,000: SHARED TCAP RECUR_PAID TODO_PAID HCAP | TASK_FREE_PRAISE ALLINONE
2022 |   269 | 3.26 |   3.3 |    0.0   0.0   0.0   0.0   0.0 |   0.0   0.0
2023 |  5788 | 3.71 |   1.5 |    0.0   0.0   0.0   0.0   0.0 |   0.0   0.0
2024 |  8954 | 4.00 |   1.1 |    0.0   0.0   0.0   0.0   0.1 |   0.3   0.0
2025 |  3660 | 4.10 |   1.0 |   13.7   0.0   0.0   0.0   0.0 |   0.5   0.3
2026 |  1794 | 4.03 |   0.6 |   19.0   0.0   0.0   0.0   0.0 |   0.6   0.0

P 4. Me+ Lifestyle Routine
year |    n | mean | I-paid% | per 1,000: SHARED TCAP RECUR_PAID TODO_PAID HCAP | TASK_FREE_PRAISE ALLINONE
2023 | 10565 | 3.54 |   1.4 |    9.4   0.0   0.0   0.0   0.0 |   0.0   0.0
2024 | 48450 | 4.49 |   0.4 |    0.6   0.0   0.0   0.0   0.0 |   0.2   0.0
2025 | 38433 | 4.65 |   0.2 |    0.2   0.0   0.0   0.0   0.0 |   0.2   0.0
2026 |  5088 | 4.17 |   0.3 |    0.0   0.0   0.0   0.0   0.0 |   0.0   0.0

P 2. HabitNow Daily Routine Planner
year |    n | mean | I-paid% | per 1,000: SHARED TCAP RECUR_PAID TODO_PAID HCAP | TASK_FREE_PRAISE ALLINONE
2019 |   604 | 4.63 |   1.2 |    0.0   0.0   0.0   0.0   1.7 |   1.7   3.3
2020 |  2390 | 4.63 |   1.3 |    0.4   0.0   0.0   0.0   2.1 |   0.4   1.7
2021 |  3762 | 4.64 |   2.2 |    1.1   0.0   0.0   0.0   0.8 |   0.3   2.1
2022 |  4972 | 4.73 |   2.1 |    3.6   0.0   0.6   0.0   1.0 |   0.4   4.4
2023 |  6142 | 4.72 |   2.1 |    4.1   0.0   2.0   0.0   0.2 |   0.0   4.6
2024 |  5112 | 4.70 |   2.6 |    3.7   0.0   1.4   0.0   1.4 |   0.2   3.9
2025 |  3671 | 4.67 |   3.3 |    3.3   0.0   0.8   0.0   0.5 |   0.5   4.9
2026 |  2368 | 4.73 |   2.4 |    0.8   0.0   1.3   0.0   0.4 |   0.4   3.0

A 59. Tappsk - ToDo & Habit Tracker - Task Manager & Daily schedule
year |    n | mean | I-paid% | per 1,000: SHARED TCAP RECUR_PAID TODO_PAID HCAP | TASK_FREE_PRAISE ALLINONE
2019 |   296 | 4.21 |   9.5 |    0.0   0.0   3.4   0.0   0.0 |   0.0   6.8
2020 |  3356 | 4.62 |   6.3 |    0.3   0.3   0.9   0.0   1.2 |   2.7   2.7
2021 |  2822 | 4.48 |   5.1 |    0.4  11.3   1.1   0.0   1.4 |   1.8   2.1
2022 |  2564 | 4.69 |   3.0 |    0.0   1.6   0.8   0.0   1.6 |   2.7   1.6
2023 |  2589 | 4.67 |   3.1 |    0.0   1.2   0.4   0.0   1.5 |   2.3   0.0
2024 |  1848 | 4.63 |   4.2 |    0.0   1.6   0.5   0.0   2.7 |   4.3   3.8
2025 |  1150 | 4.59 |   4.0 |    0.9   0.0   0.0   0.0   0.0 |   1.7   1.7
2026 |   528 | 4.61 |   5.3 |    0.0   0.0   0.0   0.0   3.8 |   1.9   1.9

P 98. Rabit - Habit Tracker & Planner
year |    n | mean | I-paid% | per 1,000: SHARED TCAP RECUR_PAID TODO_PAID HCAP | TASK_FREE_PRAISE ALLINONE
2020 |    38 | 4.79 |   2.6 |    0.0   0.0   0.0   0.0   0.0 |   0.0   0.0
2021 |  3563 | 4.22 |   1.3 |    0.0   0.0   0.0   1.7   0.0 |   0.0   0.3
2022 |  1368 | 4.21 |   1.5 |    0.7   0.0   0.7   2.2   1.5 |   0.7   0.0
2023 |   904 | 2.95 |   2.4 |    4.4   1.1   0.0   4.4   3.3 |   1.1   0.0
2024 |   428 | 3.13 |   1.9 |    2.3   0.0   0.0   0.0   2.3 |   2.3   2.3
2025 |   214 | 3.22 |   2.8 |    4.7   0.0   0.0   0.0   0.0 |   0.0   0.0
2026 |    59 | 3.12 |   3.4 |    0.0   0.0   0.0   0.0   0.0 |   0.0   0.0

P 126. To Do List
year |    n | mean | I-paid% | per 1,000: SHARED TCAP RECUR_PAID TODO_PAID HCAP | TASK_FREE_PRAISE ALLINONE
2014 |  1378 | 4.52 |   0.0 |    0.0   0.0   0.0   0.0   0.0 |   0.7   0.0
2015 |  4439 | 4.64 |   0.0 |    0.0   0.0   0.0   0.0   0.0 |   0.2   0.0
2016 | 13244 | 4.71 |   0.0 |    0.0   0.1   0.0   0.0   0.0 |   0.2   0.0
2017 | 22577 | 4.73 |   0.1 |    0.0   0.0   0.0   0.0   0.0 |   0.1   0.0
2018 | 13095 | 4.61 |   0.3 |    0.0   0.0   0.0   0.0   0.0 |   0.1   0.0
2019 | 20060 | 4.59 |   0.3 |    0.0   0.0   0.0   0.0   0.0 |   0.0   0.0
2020 | 39175 | 4.76 |   0.1 |    0.0   0.0   0.0   0.0   0.0 |   0.0   0.0
2021 | 40746 | 4.74 |   0.1 |    0.0   0.0   0.0   0.0   0.0 |   0.0   0.0
2022 | 24976 | 4.77 |   0.1 |    0.0   0.0   0.0   0.0   0.0 |   0.1   0.0
2023 | 13314 | 4.63 |   0.1 |    0.0   0.0   0.0   0.0   0.0 |   0.0   0.0
2024 | 12954 | 4.54 |   0.1 |    0.0   0.0   0.0   0.0   0.0 |   0.1   0.0
2025 |  9976 | 4.59 |   0.1 |    0.0   0.0   0.0   0.0   0.0 |   0.0   0.0
2026 |  5790 | 4.37 |   0.4 |    0.0   0.2   0.0   0.0   0.0 |   0.2   0.0

P 84. Tasks - To Do List & Reminders
year |    n | mean | I-paid% | per 1,000: SHARED TCAP RECUR_PAID TODO_PAID HCAP | TASK_FREE_PRAISE ALLINONE
2017 |   126 | 4.58 |   0.0 |    0.0   0.0   0.0   0.0   0.0 |   0.0   0.0
2018 |  6870 | 4.77 |   0.1 |    0.0   0.0   0.0   0.0   0.0 |   0.1   0.0
2019 | 17622 | 4.79 |   0.1 |    0.0   0.0   0.0   0.0   0.0 |   0.5   0.0
2020 | 11723 | 4.77 |   0.2 |    0.0   0.0   0.1   0.0   0.0 |   0.4   0.0
2021 |  4709 | 4.73 |   0.4 |    0.0   0.0   0.0   0.0   0.0 |   1.5   0.0
2022 |  4104 | 4.76 |   0.6 |    0.0   0.2   0.0   0.0   0.0 |   1.5   0.0
2023 |  4322 | 4.76 |   1.1 |    0.0   0.0   0.0   0.0   0.0 |   2.1   0.0
2024 |  3903 | 4.74 |   1.1 |    0.0   0.0   0.0   0.0   0.0 |   1.0   0.0
2025 |  3309 | 4.77 |   0.9 |    0.0   0.0   0.0   0.0   0.0 |   1.5   0.0
2026 |  1864 | 4.77 |   0.9 |    0.0   0.0   0.0   0.0   0.0 |   2.7   0.0

A 31. Do Habits - Get It Done - Daily Routine & Goal Planner
year |    n | mean | I-paid% | per 1,000: SHARED TCAP RECUR_PAID TODO_PAID HCAP | TASK_FREE_PRAISE ALLINONE
2016 |    41 | 3.56 |   7.3 |    0.0   0.0   0.0   0.0   0.0 |   0.0   0.0
2017 |    88 | 4.00 |   5.7 |    0.0   0.0   0.0   0.0  11.4 |   0.0   0.0
2018 |   254 | 4.14 |   5.1 |    0.0   0.0   0.0   0.0  11.8 |   0.0   0.0
2019 |   312 | 3.90 |   7.1 |    0.0   0.0   0.0   0.0   9.6 |   0.0   0.0
2020 |   373 | 3.54 |   4.8 |    0.0   0.0   0.0   0.0  13.4 |   0.0   0.0
2021 |   568 | 2.39 |   8.1 |    0.0   0.0   0.0   0.0  21.1 |   0.0   0.0
2022 |  1741 | 1.74 |   5.4 |    0.0   0.0   0.0   0.0  22.4 |   0.0   0.0
2023 |  1154 | 2.10 |  21.8 |    0.0   0.0   0.0   0.0  26.9 |   0.0   0.0
2024 |   482 | 1.84 |  42.3 |    0.0   0.0   0.0   0.0  18.7 |   0.0   0.0
2025 |   141 | 2.43 |  22.7 |    0.0   0.0   0.0   0.0   0.0 |   0.0   0.0
2026 |    32 | 2.38 |  12.5 |    0.0   0.0   0.0   0.0  31.2 |   0.0   0.0
